exist21 > (2655, 2):(886, 2)
misogyny_centrogeo > (5752, 2):(1439, 2)
misogyny_centrogeo, 0, 0.9069835948606078, 0.8935523953624156
exist21, 0, 0.7459561339455364, 0.7360858773065985
misogyny_centrogeo, 1, 0.9049507664036406, 0.8925693756292452
exist21, 1, 0.742474694678871, 0.7349937482249845
misogyny_centrogeo, 2, 0.9043369325476025, 0.8932203572617177
exist21, 2, 0.7435175443630405, 0.7380146895058269
misogyny_centrogeo, 3, 0.9036092832656921, 0.893596380340582
exist21, 3, 0.7537382700938393, 0.7379861236010166
misogyny_centrogeo, 4, 0.9071346266867069, 0.89391618356314
exist21, 4, 0.7493322050487338, 0.7365362687939064
misogyny_centrogeo, 5, 0.9022302965851352, 0.89387871892805
exist21, 5, 0.7490661359461115, 0.7380059564532792
misogyny_centrogeo, 6, 0.9028423861751856, 0.8943049651313825
exist21, 6, 0.7493322050487338, 0.7403070216185658
misogyny_centrogeo, 7, 0.9049507664036406, 0.8925693756292452
exist21, 7, 0.7424418604651164, 0.7383935756372679
misogyny_centrogeo, 8, 0.9035321211260829, 0.8943165639870463
exist21, 8, 0.7389980297262659, 0.7368677050458414
misogyny_centrogeo, 9, 0.9022684053246401, 0.8933395847127692
exist21, 9, 0.7435175443630405, 0.7380126817337317
misogyny_centrogeo, 10, 0.9084788380331166, 0.8933708669041411
exist21, 10, 0.7458136068456278, 0.7327572215273372
misogyny_centrogeo, 11, 0.9050267938059026, 0.8930231088203394
exist21, 11, 0.7458136068456278, 0.7410933760370202
misogyny_centrogeo, 12, 0.9070974641529146, 0.8932798282480615
misogyny_centrogeo, 13, 0.9035321211260829, 0.8932169391803008
exist21, 12, 0.7446659831780182, 0.7376457580458312
exist21, 13, 0.7493322050487338, 0.7391228673257606
misogyny_centrogeo, 14, 0.905754163176527, 0.8933858478316677
exist21, 14, 0.7447336885851966, 0.7395595892641383
misogyny_centrogeo, 15, 0.9029197019186781, 0.8926163672012588
misogyny_centrogeo, 16, 0.9084788380331166, 0.8937311083076553
exist21, 15, 0.7502178192055946, 0.7436972855662569
misogyny_centrogeo, 17, 0.9029197019186781, 0.8933464666531881
exist21, 16, 0.7446659831780182, 0.7380339323334157
misogyny_centrogeo, 18, 0.9070219491708086, 0.894088814719737
exist21, 17, 0.7548513452688943, 0.7420940231804533
misogyny_centrogeo, 19, 0.9056024369444087, 0.8932776735551047
exist21, 18, 0.7446659831780182, 0.7383963658999149
misogyny_centrogeo, 20, 0.9043369325476025, 0.8939257557216223
exist21, 19, 0.7447011423908609, 0.7368604701137395
misogyny_centrogeo, 21, 0.9049507664036406, 0.893431815545276
exist21, 20, 0.7491480635024282, 0.7448346760552279
misogyny_centrogeo, 22, 0.9042607455010954, 0.8937899612942999
exist21, 21, 0.750449572094031, 0.7403004100971415
misogyny_centrogeo, 23, 0.9055634970722202, 0.8934228278831714
misogyny_centrogeo, 24, 0.9028812508097622, 0.8936301862975231
exist21, 22, 0.7435175443630405, 0.7365120213292474
misogyny_centrogeo, 25, 0.9056024369444087, 0.8925314836488966
exist21, 23, 0.7504241257783075, 0.7391777947873737
misogyny_centrogeo, 26, 0.905754163176527, 0.8935321091176146
exist21, 24, 0.7458136068456278, 0.7387767896361485
misogyny_centrogeo, 27, 0.9043369325476025, 0.8946229013465514
exist21, 25, 0.7413290394468944, 0.7338264247208921
misogyny_centrogeo, 28, 0.9021917727254816, 0.8935537302296623
exist21, 26, 0.7413290394468944, 0.7331386768386003
misogyny_centrogeo, 29, 0.9043369325476025, 0.8932203572617177
misogyny_centrogeo, 30, 0.9056024369444087, 0.8928767954420701
exist21, 27, 0.7401083540790923, 0.7376573036758443
exist21, 28, 0.7479136125220249, 0.7421882332071548
misogyny_centrogeo, 31, 0.9071346266867069, 0.8942463701826657
exist21, 29, 0.7457773016814278, 0.738038134177694
misogyny_centrogeo, 32, 0.9056409725457714, 0.8939877333691412
exist21, 30, 0.7414397985490127, 0.7391329744806635
misogyny_centrogeo, 33, 0.9056409725457714, 0.8934711443927675
exist21, 31, 0.7469255762472392, 0.7368984974728
misogyny_centrogeo, 34, 0.9035709076861828, 0.8923837821772305
exist21, 32, 0.742474694678871, 0.7353400933342404
misogyny_centrogeo, 35, 0.9063313660822774, 0.8930541878651637
exist21, 33, 0.7448572884811417, 0.7342592167922597
misogyny_centrogeo, 36, 0.9057168347277254, 0.8930686382492524
misogyny_centrogeo, 37, 0.9057168347277254, 0.892924301725488
exist21, 34, 0.7459768518459525, 0.7399245564949676
exist21, 35, 0.7526247145802177, 0.7379817886651039
misogyny_centrogeo, 38, 0.9071346266867069, 0.8932173769336698
exist21, 36, 0.7436744473545025, 0.7364961898544928
misogyny_centrogeo, 39, 0.9049507664036406, 0.8927151118908248
exist21, 37, 0.7458136068456278, 0.7346386723051734
misogyny_centrogeo, 40, 0.9041829247180089, 0.8939663325231486
misogyny_centrogeo, 41, 0.9022684053246401, 0.8933395847127692
exist21, 38, 0.7446659831780182, 0.74261506915056
misogyny_centrogeo, 42, 0.9035709076861828, 0.8943568182108488
exist21, 39, 0.7493539261411424, 0.7376108544498698
exist21, 40, 0.7559639485241236, 0.7425046325840439
misogyny_centrogeo, 43, 0.9071346266867069, 0.8930277237976592
exist21, 41, 0.7445448050622576, 0.7388028672432657
misogyny_centrogeo, 44, 0.9070974641529146, 0.8936249994453644
exist21, 42, 0.7414397985490127, 0.7391329744806635
misogyny_centrogeo, 45, 0.9035709076861828, 0.8941845218541825
misogyny_centrogeo, 46, 0.9049889825731505, 0.8948401080823322
exist21, 43, 0.7458136068456278, 0.7415059674532558
misogyny_centrogeo, 47, 0.9049121443562513, 0.8933830114516258
exist21, 44, 0.7459328222676785, 0.7383483009137072
misogyny_centrogeo, 48, 0.9042607455010954, 0.8925895955039058
exist21, 45, 0.7424063901087972, 0.7315929672294557
misogyny_centrogeo, 49, 0.9035709076861828, 0.893228868494932
exist21, 46, 0.7423275321057385, 0.7376339026409149
misogyny_centrogeo, 50, 0.9000056675233663, 0.8948051010573753
exist21, 47, 0.7504241257783075, 0.7391777947873737
exist21, 48, 0.7470958534036751, 0.7413630847070082
exist21, 49, 0.7457773016814278, 0.738038134177694
exist21, 50, 0.754816330954977, 0.7402415181666477
