detoxis21_insult > (2770, 2):(693, 2)
detoxis21_insult, 0, 0.660184248140304, 0.6481455111493934
detoxis21_insult, 1, 0.6716587013843112, 0.650728949013851
detoxis21_insult, 2, 0.6716587013843112, 0.646605769524357
detoxis21_insult, 3, 0.6630517503805174, 0.6344713438195294
detoxis21_insult, 4, 0.6573829927488465, 0.6442520541250066
detoxis21_insult, 5, 0.6716587013843112, 0.6468354919894642
detoxis21_insult, 6, 0.660184248140304, 0.6442520541250066
detoxis21_insult, 7, 0.6716587013843112, 0.650728949013851
detoxis21_insult, 8, 0.6687414187643019, 0.6435509032436844
detoxis21_insult, 9, 0.660184248140304, 0.6420879398549129
detoxis21_insult, 10, 0.6716587013843112, 0.6473069204056794
detoxis21_insult, 11, 0.660184248140304, 0.639742332446308
detoxis21_insult, 12, 0.6687414187643019, 0.6435509032436844
detoxis21_insult, 13, 0.674644492900291, 0.6474494468411505
detoxis21_insult, 14, 0.6511433620735821, 0.634342112728504
detoxis21_insult, 15, 0.6511433620735821, 0.6338244976776248
