detoxis21_mockery > (2770, 2):(693, 2)
detoxis21_sarcasm > (2770, 2):(693, 2)
detoxis21_sarcasm, 0, 0.6175649628498077, 0.6366624203850899
detoxis21_mockery, 0, 0.4849136199276818, 0.48549756292219526
detoxis21_sarcasm, 1, 0.6194767441860465, 0.6371809462991049
detoxis21_mockery, 1, 0.4849136199276818, 0.4856645550183461
detoxis21_sarcasm, 2, 0.6175649628498077, 0.6391448718559415
detoxis21_mockery, 2, 0.4849136199276818, 0.48582933156461816
detoxis21_sarcasm, 3, 0.6082848837209303, 0.6386599700464499
detoxis21_mockery, 3, 0.4849136199276818, 0.48550186690210084
detoxis21_sarcasm, 4, 0.6082848837209303, 0.6386599700464499
detoxis21_mockery, 4, 0.4849136199276818, 0.48909863299569845
